---
remote_config:
    updated_at: 2025-03-18T15:15:27.872044-06:00
    last_notification_at: 2025-03-18T15:15:27.883249-06:00
    last_ticker_at: 2025-03-18T15:15:27.87398-06:00
    last_ticker_message: 20
