---
remote_config:
    updated_at: 2025-05-22T13:23:05.972463-06:00
    last_notification_at: 2025-05-22T13:23:05.975954-06:00
    last_ticker_at: 2025-05-22T13:23:05.973587-06:00
    last_ticker_message: 22
